Date,Open,High,Low,Close,Volume
2021-09-24,39.33,39.62,39.19,39.42,1073500.0
2021-09-27,39.84,41.96,39.75,41.36,2615600.0
2021-09-28,41.26,41.46,40.21,40.25,1970000.0
2021-09-29,40.13,40.53,39.93,40.11,1362000.0
2021-09-30,40.2,40.29,39.16,39.31,1826000.0
2021-10-01,39.54,40.01,39.17,39.95,1192500.0
2021-10-04,40.02,40.87,39.89,40.35,1523000.0
2021-10-05,40.42,41.05,40.13,40.9,1141200.0
2021-10-06,40.41,40.65,39.23,40.11,2261200.0
2021-10-07,40.46,40.92,39.85,40.0,1535100.0
2021-10-08,40.06,40.06,39.53,39.64,1415400.0
2021-10-11,39.46,39.79,38.79,38.86,1574100.0
2021-10-12,38.88,39.5,38.74,38.79,1073700.0
2021-10-13,38.79,39.02,38.18,38.81,1080200.0
2021-10-14,39.09,39.49,38.94,39.27,977700.0
2021-10-15,39.24,39.51,38.4,38.67,1823100.0
2021-10-18,38.02,38.4,37.45,38.12,1687000.0
2021-10-19,38.11,38.18,37.51,38.11,1608900.0
2021-10-20,38.34,38.85,38.31,38.43,1302000.0
2021-10-21,38.22,38.4,37.31,37.68,1634900.0
2021-10-22,37.52,37.77,37.27,37.67,1216700.0
2021-10-25,37.62,37.93,36.89,37.09,1915200.0
2021-10-26,37.09,37.34,36.55,36.91,1576700.0
2021-10-27,37.06,37.22,36.35,36.97,3033300.0
2021-10-28,37.28,37.35,35.99,37.18,3524800.0
2021-10-29,37.03,38.14,37.03,37.37,3058800.0
2021-11-01,37.39,38.42,37.18,38.29,1574900.0
2021-11-02,38.18,38.8,37.87,38.66,1605300.0
2021-11-03,38.66,40.5,38.35,39.71,2855200.0
2021-11-04,39.55,39.76,38.42,39.17,1646200.0
2021-11-05,39.51,39.88,39.14,39.51,1360400.0
2021-11-08,39.56,39.72,38.82,39.07,1209600.0
2021-11-09,38.97,39.21,38.46,38.73,774400.0
2021-11-10,38.96,39.35,38.63,39.02,1106000.0
2021-11-11,38.99,40.28,38.89,40.13,1166400.0
2021-11-12,40.13,40.6,39.64,40.35,1249800.0
2021-11-15,40.58,41.82,40.39,41.71,1714400.0
2021-11-16,41.96,42.08,40.87,40.88,1379300.0
2021-11-17,40.68,40.77,40.18,40.45,1032200.0
2021-11-18,40.29,40.33,39.36,39.43,1565700.0
2021-11-19,39.24,39.39,38.61,38.91,1069200.0
2021-11-22,39.07,40.28,38.61,40.24,1764700.0
2021-11-23,40.65,40.82,40.02,40.46,1371200.0
2021-11-24,40.34,40.6,39.87,40.06,658000.0
2021-11-26,38.94,39.07,38.15,38.65,913000.0
2021-11-29,38.9,39.07,37.9,38.42,1394400.0
2021-11-30,37.86,38.18,37.36,37.67,3047500.0
2021-12-01,38.4,38.95,37.27,37.28,1541300.0
2021-12-02,37.85,38.98,37.29,38.76,2111600.0
2021-12-03,38.87,39.21,38.7,39.08,1509100.0
2021-12-06,39.63,41.14,39.58,40.01,1747500.0
2021-12-07,39.9,40.33,39.5,39.88,1177100.0
2021-12-08,39.71,40.12,39.25,39.39,1234300.0
2021-12-09,39.22,39.38,38.7,38.93,1293700.0
2021-12-10,39.29,39.67,39.23,39.49,1217400.0
2021-12-13,39.43,39.76,38.62,39.31,1192100.0
2021-12-14,39.49,39.95,39.11,39.18,1158700.0
2021-12-15,39.08,39.16,37.85,38.37,1735200.0
2021-12-16,38.67,39.32,38.38,38.44,2716800.0
2021-12-17,38.17,38.7,37.87,38.22,4029500.0
2021-12-20,37.82,37.85,36.39,37.06,2467200.0
2021-12-21,37.35,38.09,37.26,38.05,2167200.0
2021-12-22,38.05,38.72,38.05,38.15,2069800.0
2021-12-23,38.35,38.99,38.35,38.94,2374300.0
2021-12-27,38.9,39.1,38.62,39.02,984200.0
2021-12-28,38.8,39.39,38.8,39.1,815400.0
2021-12-29,38.94,39.31,38.93,39.25,1082100.0
2021-12-30,39.46,39.61,39.16,39.21,942800.0
2021-12-31,39.11,39.73,38.99,39.59,1070000.0
2022-01-03,39.75,40.47,39.69,40.45,1262500.0
2022-01-04,40.83,42.0,40.66,41.77,1882300.0
2022-01-05,41.92,42.74,41.86,42.21,2497600.0
2022-01-06,42.78,43.17,42.12,42.52,2975800.0
2022-01-07,42.6,43.55,42.58,43.26,2939500.0
2022-01-10,43.31,43.85,41.91,42.1,2177100.0
2022-01-11,42.01,42.27,41.28,42.07,1445100.0
2022-01-12,42.04,42.07,41.24,41.5,1814700.0
2022-01-13,41.98,43.1,41.77,42.95,1369100.0
2022-01-14,42.75,44.34,42.6,44.15,1736600.0
2022-01-18,44.08,44.55,43.82,44.12,1929800.0
2022-01-19,44.22,44.32,42.88,42.92,1222700.0
2022-01-20,42.66,43.09,42.04,42.17,2057500.0
2022-01-21,42.47,42.64,41.35,41.53,1682600.0
2022-01-24,41.11,42.74,40.96,42.59,1814300.0
2022-01-25,42.34,43.05,41.53,42.9,1338300.0
2022-01-26,42.79,43.19,40.86,41.33,2051600.0
2022-01-27,41.39,42.45,40.88,41.14,1073000.0
2022-01-28,40.71,41.24,40.33,41.18,894300.0
2022-01-31,40.62,41.09,40.36,40.71,1421000.0
2022-02-01,40.64,41.45,40.44,41.21,1089400.0
2022-02-02,41.16,41.51,40.8,41.44,1183100.0
2022-02-03,41.49,42.1,41.21,41.7,1361300.0
2022-02-04,41.44,41.57,40.44,40.75,1660700.0
2022-02-07,40.95,41.09,40.45,40.52,1173100.0
2022-02-08,40.93,41.8,40.81,41.34,1598200.0
2022-02-09,41.56,42.21,41.52,41.94,1148900.0
2022-02-10,41.79,42.45,41.58,42.05,1358300.0
2022-02-11,42.01,42.71,41.91,42.53,1332200.0
2022-02-14,42.77,42.81,41.59,42.21,1168400.0
2022-02-15,42.23,42.86,42.1,42.3,974100.0
2022-02-16,42.24,43.03,41.98,42.23,926500.0
2022-02-17,41.98,42.16,41.39,41.64,1059600.0
2022-02-18,41.4,42.29,41.4,41.86,1003400.0
2022-02-22,41.7,42.0,41.46,41.51,2444800.0
2022-02-23,42.07,43.77,41.25,43.4,4391400.0
2022-02-24,43.5,43.5,40.69,42.21,3603300.0
2022-02-25,42.79,45.23,42.66,45.2,3655000.0
2022-02-28,43.83,44.67,43.68,44.57,1955500.0
2022-03-01,44.21,44.47,41.96,43.05,2819900.0
2022-03-02,43.22,43.96,42.94,43.74,2229900.0
2022-03-03,44.09,44.29,43.33,43.67,1208300.0
2022-03-04,42.94,43.81,42.73,43.78,1925100.0
2022-03-07,43.37,45.12,43.25,44.37,3404500.0
2022-03-08,44.85,45.49,43.79,44.71,3394300.0
2022-03-09,45.53,46.31,44.62,45.16,2784700.0
2022-03-10,44.68,44.84,43.06,43.32,1971900.0
2022-03-11,43.68,44.39,43.68,43.74,1435000.0
2022-03-14,44.32,44.36,43.27,43.73,1330400.0
2022-03-15,44.01,44.22,43.34,43.76,1222700.0
2022-03-16,44.01,44.91,43.79,44.86,1404900.0
2022-03-17,44.73,45.34,44.17,45.09,1203400.0
2022-03-18,45.01,45.71,44.5,45.58,2600500.0
2022-03-21,45.75,46.4,45.17,45.31,1429900.0
2022-03-22,45.61,45.73,44.89,45.51,876300.0
2022-03-23,45.65,45.95,45.17,45.18,937400.0
2022-03-24,45.29,45.55,45.04,45.54,728500.0
2022-03-25,45.62,46.46,45.56,46.44,727600.0
2022-03-28,46.44,46.44,45.41,45.91,848700.0
2022-03-29,46.36,47.04,45.78,46.53,906300.0
2022-03-30,46.43,46.74,46.36,46.73,860600.0
2022-03-31,46.42,46.9,45.92,45.94,1161200.0
2022-04-01,45.95,46.09,44.34,45.11,1189700.0
2022-04-04,44.97,45.08,43.68,44.81,1368100.0
2022-04-05,44.48,45.1,44.14,44.23,1292700.0
2022-04-06,44.15,44.46,43.48,43.68,1370300.0
2022-04-07,43.6,43.79,42.83,43.45,1517600.0
2022-04-08,43.83,44.53,43.54,44.37,1137400.0
2022-04-11,44.59,46.16,44.58,45.47,1219800.0
2022-04-12,45.51,46.25,45.31,46.19,1300700.0
2022-04-13,46.22,46.95,46.16,46.72,1263800.0
2022-04-14,46.9,48.03,46.9,47.86,2333200.0
2022-04-18,47.94,48.54,47.63,47.88,1502000.0
2022-04-19,48.03,48.45,47.94,48.08,996100.0
2022-04-20,48.26,49.2,48.16,48.87,1204700.0
2022-04-21,49.01,49.44,48.02,48.08,1407400.0
2022-04-22,47.77,47.93,46.23,46.27,1147100.0
2022-04-25,46.26,46.89,45.21,46.85,1343400.0
2022-04-26,46.74,47.1,46.42,46.62,1039500.0
2022-04-27,46.62,47.36,45.9,46.67,1119400.0
2022-04-28,46.64,47.51,46.26,47.42,1384800.0
2022-04-29,47.52,47.76,46.45,46.59,1682200.0
2022-05-02,46.92,47.32,45.96,46.75,2101600.0
2022-05-03,47.29,48.58,44.79,45.35,3259000.0
2022-05-04,45.34,45.97,44.09,45.82,2340700.0
2022-05-05,45.41,45.96,45.06,45.3,1395100.0
2022-05-06,45.35,46.03,45.13,45.73,1008800.0
2022-05-09,45.51,46.57,45.07,46.19,1764100.0
2022-05-10,46.32,47.21,46.18,47.2,1849400.0
2022-05-11,47.51,49.02,47.51,48.04,2068800.0
2022-05-12,48.08,48.44,47.05,47.82,2067200.0
2022-05-13,48.25,48.6,47.81,48.13,1312900.0
2022-05-16,48.1,49.0,47.94,48.85,939800.0
2022-05-17,48.41,48.57,46.97,48.06,1771900.0
2022-05-18,47.62,47.72,45.04,45.13,1859600.0
2022-05-19,44.55,44.73,43.31,43.7,2150000.0
2022-05-20,44.06,44.75,43.06,44.09,1624700.0
2022-05-23,44.72,45.18,44.26,44.85,1203200.0
2022-05-24,44.84,46.3,44.61,46.24,1292600.0
2022-05-25,46.33,46.94,46.02,46.76,1220100.0
2022-05-26,47.12,47.33,46.65,46.93,1328900.0
2022-05-27,46.93,47.77,46.8,47.46,1662100.0
2022-05-31,47.29,48.2,46.7,48.06,2716700.0
2022-06-01,48.18,48.31,45.87,47.09,1598900.0
2022-06-02,47.18,47.18,45.77,46.78,1169200.0
2022-06-03,46.58,46.87,46.3,46.42,985000.0
2022-06-06,46.77,47.01,46.35,46.85,969800.0
2022-06-07,46.56,47.47,46.45,47.36,959300.0
2022-06-08,47.14,47.59,46.68,46.74,706400.0
2022-06-09,46.76,47.01,45.42,45.42,788400.0
2022-06-10,44.65,45.81,44.27,45.36,907800.0
2022-06-13,44.8,45.19,43.6,43.88,1568700.0
2022-06-14,43.89,44.72,43.69,44.51,1580400.0
2022-06-15,44.92,45.32,44.4,44.91,1386100.0
2022-06-16,44.21,44.28,43.59,43.73,1628900.0
2022-06-17,44.0,44.1,42.86,43.65,3788500.0
2022-06-21,43.24,45.38,43.21,45.25,1753600.0
2022-06-22,44.75,45.89,44.63,45.69,1291400.0
2022-06-23,45.69,46.69,45.59,46.62,1513200.0
2022-06-24,46.99,48.64,46.73,48.33,1661600.0
2022-06-27,48.31,48.52,47.85,47.99,1198900.0
2022-06-28,49.05,50.05,48.15,48.32,1586300.0
2022-06-29,48.31,48.74,47.47,47.98,1343400.0
2022-06-30,47.52,47.72,46.92,47.24,1418900.0
2022-07-01,47.21,48.32,46.97,48.2,1182400.0
2022-07-05,47.76,48.12,47.05,47.96,1779300.0
2022-07-06,47.98,48.26,47.05,47.86,1396400.0
2022-07-07,47.87,48.06,47.19,47.34,1196700.0
2022-07-08,47.54,48.4,47.29,48.1,1546100.0
2022-07-11,47.84,48.93,47.84,48.58,1488400.0
2022-07-12,48.57,50.63,48.56,49.74,2294400.0
2022-07-13,49.83,50.84,49.8,50.48,1887400.0
2022-07-14,49.66,50.5,49.35,50.42,1654400.0
2022-07-15,50.8,51.08,50.24,50.82,1703800.0
2022-07-18,50.96,51.46,50.19,50.36,1820000.0
2022-07-19,50.8,51.13,50.45,50.76,1411000.0
2022-07-20,50.59,50.91,49.93,50.17,1343200.0
2022-07-21,49.91,49.94,49.25,49.55,1546700.0
2022-07-22,49.36,50.41,49.23,50.19,1833900.0
2022-07-25,50.36,50.72,49.82,50.45,1471900.0
2022-07-26,50.24,50.72,50.06,50.37,1176700.0
2022-07-27,50.33,51.2,49.76,51.06,1214200.0
2022-07-28,50.79,51.29,50.13,51.17,1845500.0
2022-07-29,51.17,51.87,50.72,51.78,1591100.0
2022-08-01,51.56,52.1,51.42,51.72,1892600.0
2022-08-02,49.41,49.52,46.05,46.31,6237500.0
2022-08-03,46.32,47.94,46.32,46.96,2788200.0
2022-08-04,46.73,47.09,45.79,45.85,2075900.0
2022-08-05,45.88,46.88,45.58,46.86,1247800.0
2022-08-08,46.9,47.87,46.88,47.35,1375900.0
2022-08-09,47.66,47.84,47.38,47.78,1218900.0
2022-08-10,48.05,48.76,47.8,48.29,1141100.0
2022-08-11,48.52,49.91,48.28,49.14,1275200.0
2022-08-12,49.27,49.45,48.63,49.15,1078300.0
2022-08-15,48.89,49.19,48.57,48.93,987400.0
2022-08-16,48.91,49.2,48.67,48.95,1190400.0
2022-08-17,48.57,48.83,47.81,48.25,1357600.0
2022-08-18,48.19,48.76,47.86,48.63,1018400.0
2022-08-19,48.38,48.78,48.05,48.61,936800.0
2022-08-22,48.31,48.39,47.86,47.95,825400.0
2022-08-23,48.16,48.53,48.09,48.43,779400.0
2022-08-24,48.5,49.15,48.2,49.07,884400.0
2022-08-25,49.08,49.28,48.1,48.24,1182100.0
2022-08-26,48.27,48.44,46.65,46.68,1020300.0
2022-08-29,46.42,46.58,46.02,46.11,1020000.0
2022-08-30,46.28,46.42,45.23,45.28,1389500.0
2022-08-31,45.36,45.59,44.54,44.78,1873400.0
2022-09-01,44.49,45.01,44.05,44.85,1358300.0
2022-09-02,45.35,45.91,44.94,45.14,1160900.0
2022-09-06,45.63,45.79,44.83,45.09,1016900.0
2022-09-07,44.94,45.67,44.81,45.6,944300.0
2022-09-08,45.42,45.45,44.56,45.24,1071100.0
2022-09-09,45.55,46.02,45.25,45.55,903500.0
2022-09-12,45.93,46.65,45.86,46.52,1480300.0
2022-09-13,45.97,46.3,44.58,44.73,1171700.0
2022-09-14,44.75,45.03,43.89,44.22,948400.0
2022-09-15,44.25,44.86,44.03,44.47,1125000.0
2022-09-16,44.41,44.6,43.69,44.04,2203100.0
2022-09-19,43.65,44.77,43.65,44.62,886100.0
2022-09-20,44.36,44.36,43.27,43.58,1488700.0
2022-09-21,43.72,44.13,43.03,43.03,974700.0
2022-09-22,43.25,43.33,42.87,42.91,1379800.0
2022-09-23,42.13,42.29,40.9,41.63,1616700.0
2022-09-26,41.3,41.7,41.02,41.46,1459300.0
2022-09-27,41.85,42.12,41.32,41.55,1253400.0
2022-09-28,41.74,42.33,41.38,42.19,1095100.0
2022-09-29,42.3,42.31,41.37,42.05,1533800.0
2022-09-30,42.21,42.67,41.86,41.9,1416800.0
2022-10-03,42.16,42.67,41.92,42.41,1092800.0
2022-10-04,42.81,43.43,42.78,43.0,971900.0
2022-10-05,42.49,42.71,41.91,42.31,1146000.0
2022-10-06,42.12,42.32,41.5,41.67,903400.0
2022-10-07,41.49,41.66,40.76,41.05,1032500.0
2022-10-10,41.16,41.42,40.95,41.3,840200.0
2022-10-11,41.33,41.99,40.88,41.69,989600.0
2022-10-12,41.92,43.15,41.7,42.57,1413900.0
2022-10-13,42.15,43.36,41.92,43.17,1206400.0
2022-10-14,43.32,43.62,42.46,42.6,906800.0
2022-10-17,43.18,43.36,42.71,42.88,1013200.0
2022-10-18,43.37,43.59,42.62,42.97,1023800.0
2022-10-19,42.87,43.01,42.13,42.18,921100.0
2022-10-20,42.28,42.47,41.91,42.12,910600.0
2022-10-21,42.27,43.08,42.08,42.92,954300.0
2022-10-24,43.21,43.9,43.01,43.48,811500.0
2022-10-25,43.42,44.31,43.22,44.15,1003900.0
2022-10-26,44.18,44.61,43.64,43.7,1145700.0
2022-10-27,43.93,44.43,43.45,43.54,1315200.0
2022-10-28,43.76,44.64,43.75,44.61,892000.0
2022-10-31,44.66,45.02,43.91,44.03,1739900.0
2022-11-01,43.96,43.96,40.95,42.61,3553400.0
2022-11-02,42.89,44.33,42.88,43.08,2798200.0
2022-11-03,42.65,43.41,42.44,43.2,1404500.0
2022-11-04,43.78,44.73,43.57,44.7,1253100.0
2022-11-07,44.97,45.29,43.82,44.51,1120000.0
2022-11-08,44.53,45.04,44.31,44.78,1006000.0
2022-11-09,44.56,44.56,43.4,43.44,1072300.0
2022-11-10,44.44,45.49,44.39,44.92,1074400.0
2022-11-11,44.93,45.52,44.2,45.31,1440200.0
2022-11-14,45.31,45.96,45.18,45.35,806100.0
2022-11-15,45.53,45.89,45.29,45.47,1249300.0
2022-11-16,45.63,45.73,45.08,45.49,649900.0
2022-11-17,45.07,46.33,45.07,46.28,949100.0
2022-11-18,46.77,46.92,46.44,46.71,1030800.0
2022-11-21,46.35,47.69,46.35,47.43,1152200.0
2022-11-22,47.71,48.15,47.34,47.84,952700.0
2022-11-23,47.92,48.29,47.83,48.25,734700.0
2022-11-25,48.25,48.58,48.14,48.52,378200.0
2022-11-28,48.17,48.63,47.95,47.96,979300.0
2022-11-29,47.91,48.33,47.63,47.95,860600.0
2022-11-30,48.13,48.43,47.18,48.11,2272900.0
2022-12-01,48.19,48.78,48.19,48.32,1067300.0
2022-12-02,48.14,48.97,48.12,48.85,1111800.0
2022-12-05,48.43,48.55,47.87,47.91,1065000.0
2022-12-06,47.25,47.68,46.13,46.82,1664300.0
2022-12-07,46.92,47.2,46.42,46.64,1211700.0
2022-12-08,46.68,46.74,46.05,46.29,1065900.0
2022-12-09,46.2,46.45,45.68,46.12,1157700.0
2022-12-12,46.07,46.57,45.77,46.56,956400.0
2022-12-13,47.18,47.26,46.12,46.25,1597700.0
2022-12-14,46.13,46.9,45.96,46.5,1288300.0
2022-12-15,46.02,46.22,45.27,45.48,1177700.0
2022-12-16,45.0,45.26,44.51,44.99,2244000.0
2022-12-19,45.04,45.83,44.92,45.44,1171600.0
2022-12-20,45.51,45.54,44.59,44.63,1026300.0
2022-12-21,44.84,45.34,44.74,45.23,791700.0
2022-12-22,45.13,45.34,44.63,45.22,763200.0
2022-12-23,45.25,45.65,45.08,45.65,536200.0
2022-12-27,45.71,46.19,45.7,46.0,640000.0
2022-12-28,45.93,46.14,45.12,45.17,921200.0
2022-12-29,45.16,45.43,45.15,45.36,745000.0
2022-12-30,45.18,45.39,44.93,45.29,993200.0
2023-01-03,44.44,44.54,42.78,43.46,2770400.0
2023-01-04,43.76,45.34,43.66,45.15,1672100.0
2023-01-05,44.36,44.62,43.26,43.59,1849800.0
2023-01-06,44.71,45.0,44.35,44.73,2145000.0
2023-01-09,44.6,44.99,44.1,44.14,1466700.0
2023-01-10,44.25,44.83,44.17,44.71,1225600.0
2023-01-11,44.78,45.09,44.58,44.76,1641400.0
2023-01-12,44.71,44.8,44.1,44.25,1143000.0
2023-01-13,44.05,44.75,43.92,44.62,1126100.0
2023-01-17,44.68,44.94,44.27,44.29,1691600.0
2023-01-18,44.24,44.5,43.05,43.1,1483700.0
2023-01-19,42.99,43.71,42.63,43.59,1356200.0
2023-01-20,43.69,43.95,43.3,43.94,906300.0
2023-01-23,44.09,44.25,43.66,44.03,1069900.0
2023-01-24,44.19,45.72,44.19,45.25,1322800.0
2023-01-25,45.31,46.79,45.05,46.52,1899400.0
2023-01-26,46.43,47.1,46.16,46.39,2600300.0
2023-01-27,45.99,46.13,44.78,45.1,2211800.0
2023-01-30,45.05,45.76,44.89,45.04,1187200.0
2023-01-31,45.31,46.23,44.73,46.22,1387300.0
2023-02-01,46.07,47.01,46.04,46.87,2016500.0
2023-02-02,46.61,47.67,46.36,47.63,1999600.0
2023-02-03,47.63,47.74,46.52,47.14,1850500.0
2023-02-06,46.85,47.22,46.61,47.1,1939800.0
2023-02-07,46.61,46.61,45.78,45.98,1991100.0
2023-02-08,45.73,46.17,45.01,45.19,1979100.0
2023-02-09,45.37,45.48,44.88,45.03,1087200.0
2023-02-10,45.03,45.25,44.81,45.22,901200.0
2023-02-13,45.28,45.72,45.01,45.69,1232000.0
2023-02-14,45.61,45.81,45.22,45.41,1207700.0
2023-02-15,45.41,46.0,45.11,45.99,920800.0
2023-02-16,45.18,45.54,45.11,45.19,1028800.0
2023-02-17,45.15,45.82,45.05,45.73,1919200.0
2023-02-21,49.48,49.48,46.76,47.16,3407000.0
2023-02-22,46.68,47.09,46.09,46.57,2474900.0
2023-02-23,46.87,47.17,46.49,47.03,1827800.0
2023-02-24,46.74,47.37,46.56,47.28,1334300.0
2023-02-27,47.59,47.67,47.0,47.25,1440300.0
2023-02-28,47.16,47.59,46.74,46.76,1841200.0
2023-03-01,46.49,46.72,46.07,46.64,2054600.0
2023-03-02,46.57,47.22,46.44,47.2,1323900.0
2023-03-03,47.19,47.44,46.76,47.36,1172900.0
2023-03-06,47.19,47.54,46.92,47.04,1664400.0
2023-03-07,46.98,47.27,46.52,46.81,1377400.0
2023-03-08,47.26,49.33,47.26,48.15,4905300.0
2023-03-09,48.41,48.41,46.48,47.01,2562900.0
2023-03-10,47.18,47.41,46.14,46.34,1559300.0
2023-03-13,45.89,46.62,45.57,46.14,1667900.0
2023-03-14,46.52,46.81,45.41,45.94,1456700.0
2023-03-15,45.12,46.16,44.67,46.12,1529800.0
2023-03-16,46.04,46.1,45.33,45.61,1414000.0
2023-03-17,45.17,45.32,43.91,44.22,5250100.0
2023-03-20,44.56,45.29,44.54,45.06,1484400.0
2023-03-21,45.49,45.49,44.92,45.1,1517200.0
2023-03-22,45.17,45.33,44.28,44.29,996900.0
2023-03-23,44.29,44.65,43.75,43.91,1087700.0
2023-03-24,43.92,44.95,43.7,44.92,1083700.0
2023-03-27,45.24,45.59,45.17,45.25,1125000.0
2023-03-28,45.26,45.95,45.25,45.54,857000.0
2023-03-29,45.93,46.1,45.68,46.03,1036400.0
2023-03-30,46.43,46.57,45.55,45.79,1269900.0
2023-03-31,46.02,46.03,45.57,45.79,1480600.0
2023-04-03,45.9,46.67,45.9,46.18,1263900.0
2023-04-04,46.42,46.56,45.58,46.02,1582700.0
2023-04-05,46.09,46.51,46.01,46.51,1714800.0
2023-04-06,46.73,46.91,46.05,46.2,1068700.0
2023-04-10,46.09,47.1,45.98,47.09,1487600.0
2023-04-11,47.16,48.08,47.16,47.89,1487700.0
2023-04-12,47.93,48.21,47.62,48.08,2315800.0
2023-04-13,47.99,50.46,47.99,49.82,4250700.0
2023-04-14,49.59,50.2,49.49,49.67,1905000.0
2023-04-17,49.76,50.51,49.61,50.48,1984300.0
2023-04-18,50.27,51.15,50.27,50.78,2584500.0
2023-04-19,50.53,51.08,50.53,50.88,1888100.0
2023-04-20,50.5,51.27,50.5,51.12,2190500.0
2023-04-21,50.99,51.85,50.99,51.67,1888800.0
2023-04-24,51.84,52.5,51.62,51.64,1860600.0
2023-04-25,51.45,52.07,51.45,52.01,1660200.0
2023-04-26,52.01,52.51,52.01,52.39,1307500.0
2023-04-27,52.41,52.76,52.24,52.35,1736100.0
2023-04-28,52.24,52.81,51.76,52.7,1906300.0
2023-05-01,52.69,53.8,52.69,53.56,2595200.0
2023-05-02,55.65,59.07,55.65,57.66,8686400.0
2023-05-03,58.23,58.41,57.17,57.55,4657600.0
2023-05-04,57.69,58.01,57.11,57.6,2488600.0
2023-05-05,57.39,58.02,57.22,57.49,1586400.0
2023-05-08,57.12,57.52,57.01,57.12,1835700.0
2023-05-09,56.89,57.45,56.61,57.16,1560900.0
2023-05-10,57.13,57.54,56.9,57.09,2789200.0
2023-05-11,56.83,57.11,56.48,56.7,2404100.0
2023-05-12,56.72,57.06,56.66,56.92,1709200.0
2023-05-15,57.21,57.54,56.34,56.44,2135900.0
2023-05-16,55.95,56.59,55.46,55.98,2926000.0
2023-05-17,55.9,55.9,54.47,55.04,3795500.0
2023-05-18,54.7,54.96,54.33,54.82,2350500.0
2023-05-19,54.98,55.81,54.83,55.47,2106200.0
2023-05-22,55.71,55.81,55.28,55.33,2187700.0
2023-05-23,55.27,55.27,54.57,54.59,1639600.0
2023-05-24,54.59,54.62,53.72,53.96,2287700.0
2023-05-25,53.64,54.14,53.19,53.8,1964000.0
2023-05-26,53.79,53.91,53.07,53.72,1739500.0
2023-05-30,52.77,53.72,52.71,53.51,2440100.0
2023-05-31,53.98,55.0,53.84,54.8,4271800.0
2023-06-01,54.86,55.69,54.62,55.59,2688800.0
2023-06-02,55.9,57.36,55.78,56.96,2647500.0
2023-06-05,56.85,57.44,56.5,56.91,1876600.0
2023-06-06,58.58,58.76,57.24,58.1,4092900.0
2023-06-07,57.97,59.32,57.75,59.0,3094500.0
2023-06-08,59.39,59.45,58.72,59.22,2374500.0
2023-06-09,59.31,59.85,59.08,59.27,2207100.0
2023-06-12,59.58,60.05,59.46,59.84,2799000.0
2023-06-13,59.74,60.76,59.71,60.42,3083200.0
2023-06-14,60.32,60.54,60.01,60.16,1559600.0
2023-06-15,60.2,60.43,59.26,59.4,2032400.0
2023-06-16,59.61,59.72,58.91,59.11,2523100.0
2023-06-20,59.14,59.65,59.04,59.4,1414200.0
2023-06-21,59.58,59.67,59.09,59.34,2128600.0
2023-06-22,59.62,59.64,59.03,59.28,1049500.0
2023-06-23,59.41,59.75,58.93,59.02,1701200.0
2023-06-26,59.13,59.23,58.25,58.57,2290100.0
2023-06-27,58.49,58.83,58.24,58.69,2037000.0
2023-06-28,58.43,58.7,58.34,58.55,1698100.0
2023-06-29,58.51,58.84,58.34,58.52,1820300.0
2023-06-30,58.42,58.8,58.31,58.72,2408700.0
2023-07-03,58.54,59.59,58.53,59.41,1944000.0
2023-07-05,59.18,59.59,59.09,59.43,2093300.0
2023-07-06,59.32,59.32,58.82,58.94,2051100.0
2023-07-07,58.86,59.18,58.67,58.79,1898700.0
2023-07-10,58.68,58.82,58.23,58.44,1444900.0
2023-07-11,58.54,58.62,56.85,57.47,2717300.0
2023-07-12,57.63,58.88,57.53,58.85,3135100.0
2023-07-13,58.79,59.62,58.79,59.49,3084400.0
2023-07-14,59.47,60.07,59.31,60.0,1539900.0
2023-07-17,60.0,60.65,59.59,60.64,2704400.0
2023-07-18,61.01,61.58,60.25,60.56,1784700.0
2023-07-19,60.88,61.8,60.7,61.7,1826800.0
2023-07-20,61.87,62.63,61.82,62.48,1355000.0
2023-07-21,62.61,62.88,62.31,62.39,1142100.0
2023-07-24,62.39,63.06,62.23,62.3,1052100.0
2023-07-25,62.24,63.09,61.82,63.03,1714500.0
2023-07-26,63.03,63.23,62.48,62.87,1310600.0
2023-07-27,63.04,63.07,61.27,61.77,1948700.0
2023-07-28,62.35,63.22,62.08,62.92,3815400.0
2023-07-31,62.53,62.8,61.72,62.23,3285100.0
2023-08-01,58.1,60.19,57.12,59.33,6080800.0
2023-08-02,59.13,61.22,58.86,60.05,3788700.0
2023-08-03,59.8,59.89,57.99,58.08,2566500.0
2023-08-04,58.27,59.32,58.14,58.25,2018700.0
2023-08-07,58.42,58.59,57.64,57.99,1494500.0
2023-08-08,58.12,58.23,56.95,57.84,1740900.0
2023-08-09,58.04,58.15,57.0,57.62,1460000.0
2023-08-10,57.53,57.9,57.1,57.36,1300400.0
2023-08-11,57.23,57.34,56.87,57.28,1375200.0
2023-08-14,57.41,57.78,57.28,57.51,1154000.0
2023-08-15,57.28,57.4,56.64,56.77,1389400.0
2023-08-16,56.73,56.84,55.6,55.7,1523800.0
2023-08-17,55.65,55.93,55.43,55.45,1285800.0
2023-08-18,55.3,56.26,55.27,56.21,1748400.0
2023-08-21,56.2,56.33,55.6,55.99,986200.0
2023-08-22,55.93,56.09,55.33,55.71,1155000.0
2023-08-23,55.96,56.34,55.61,56.02,1298000.0
2023-08-24,56.03,56.57,55.71,55.78,1206600.0
2023-08-25,55.89,56.14,55.54,56.05,1046200.0
2023-08-28,56.22,56.7,55.85,56.09,1706600.0
2023-08-29,56.24,56.48,55.77,56.44,1119500.0
2023-08-30,56.42,56.57,56.15,56.26,1163700.0
2023-08-31,56.39,57.34,56.38,56.99,1736900.0
2023-09-01,57.07,57.45,56.35,56.47,1378100.0
2023-09-05,56.25,56.25,55.68,55.91,1339800.0
2023-09-06,55.94,55.98,55.52,55.68,2159600.0
2023-09-07,55.86,56.75,55.86,56.62,1711200.0
2023-09-08,56.69,57.16,56.65,57.13,876200.0
2023-09-11,57.46,58.53,57.43,58.15,1605900.0
2023-09-12,58.28,58.28,57.39,57.53,1352900.0
2023-09-13,57.72,57.86,56.75,56.76,1211500.0
2023-09-14,56.92,57.52,56.78,57.26,1463900.0
2023-09-15,57.08,57.57,57.04,57.08,2064900.0
2023-09-18,57.32,57.92,57.13,57.83,1059800.0
2023-09-19,57.88,58.16,57.23,57.32,1050100.0
2023-09-20,57.75,58.63,57.5,58.14,1338500.0
2023-09-21,58.12,58.22,57.54,57.61,1301600.0
2023-09-22,57.72,57.91,56.9,56.91,1252700.0
2023-09-25,56.69,56.83,56.21,56.5,755500.0
2023-09-26,56.12,56.92,56.04,56.59,1215600.0
2023-09-27,56.52,56.64,55.59,56.03,1442900.0
2023-09-28,56.2,56.45,55.83,56.2,946200.0
2023-09-29,56.35,57.32,56.27,57.08,1883300.0
2023-10-02,57.02,57.31,55.88,56.2,1565000.0
2023-10-03,56.05,56.48,55.03,55.68,814400.0
2023-10-04,57.19,57.31,55.71,56.58,2665400.0
2023-10-05,56.35,56.5,52.78,53.02,3523000.0
2023-10-06,52.77,53.38,51.59,53.14,2694200.0
2023-10-09,52.83,53.48,52.26,53.08,1649500.0
2023-10-10,53.68,54.38,53.3,54.01,1914500.0
2023-10-11,53.95,54.5,53.59,53.91,1126200.0
2023-10-12,53.94,53.97,51.47,52.12,2198800.0
2023-10-13,52.13,52.98,52.07,52.65,1270600.0
2023-10-16,52.93,53.42,52.74,53.2,1146900.0
2023-10-17,52.91,53.36,52.6,53.09,1400100.0
2023-10-18,52.92,53.9,52.71,53.22,1391900.0
2023-10-19,53.27,53.31,52.19,52.37,1497900.0
2023-10-20,52.63,53.03,52.55,52.67,1196500.0
2023-10-23,52.49,52.49,51.6,51.73,1376800.0
2023-10-24,51.82,52.66,51.51,52.34,996300.0
2023-10-25,52.34,52.45,51.64,51.78,1521500.0
2023-10-26,52.18,52.6,51.93,52.07,1252700.0
2023-10-27,51.86,52.3,50.72,50.94,1255800.0
2023-10-30,51.36,51.67,51.06,51.2,1928900.0
2023-10-31,51.48,52.14,51.39,51.86,2256800.0
2023-11-01,51.99,52.52,51.57,52.25,2322300.0
2023-11-02,52.97,52.97,49.97,51.91,3792400.0
2023-11-03,52.83,53.8,52.53,52.99,2254800.0
2023-11-06,52.84,53.74,52.84,53.32,1366500.0
2023-11-07,53.22,53.48,52.82,53.06,1071800.0
2023-11-08,53.43,53.5,52.75,52.96,1758300.0
2023-11-09,53.05,53.35,52.21,52.23,1646200.0
2023-11-10,52.09,53.0,52.09,52.94,1787900.0
2023-11-13,52.46,52.91,52.25,52.52,1341200.0
2023-11-14,53.18,53.72,53.02,53.63,1361200.0
2023-11-15,53.64,53.83,53.2,53.61,1430200.0
2023-11-16,53.58,53.78,52.83,52.96,1461900.0
2023-11-17,53.05,53.33,52.69,53.31,1295700.0
2023-11-20,53.04,53.46,52.88,52.96,908300.0
2023-11-21,52.96,53.6,52.67,53.51,1371800.0
2023-11-22,53.7,53.95,53.48,53.86,1158600.0
2023-11-24,53.82,54.09,53.75,53.85,425100.0
2023-11-27,53.77,54.14,53.57,54.08,1675800.0
2023-11-28,54.2,54.38,53.99,54.11,1132700.0
2023-11-29,54.04,54.18,53.72,53.95,1276200.0
2023-11-30,54.22,55.67,54.11,55.62,2645900.0
2023-12-01,55.69,56.27,55.52,55.98,1378400.0
2023-12-04,55.62,57.14,55.52,56.29,2124200.0
2023-12-05,56.36,56.41,55.89,56.08,1601500.0
2023-12-06,55.85,56.27,55.68,55.95,1571400.0
2023-12-07,56.06,56.18,55.59,56.16,1126300.0
2023-12-08,56.12,56.62,56.12,56.32,1166300.0
2023-12-11,56.37,56.84,56.03,56.83,1103200.0
2023-12-12,57.02,57.48,56.85,57.35,2096500.0
2023-12-13,57.4,58.12,56.93,58.06,1378300.0
2023-12-14,57.94,58.1,56.83,56.99,2178100.0
2023-12-15,56.61,56.61,55.45,55.86,5062800.0
2023-12-18,56.16,56.52,55.84,55.98,1829200.0
2023-12-19,56.08,56.58,55.95,56.34,1334400.0
2023-12-20,56.11,56.11,55.32,55.37,1186800.0
2023-12-21,55.65,55.92,54.79,55.17,1046700.0
2023-12-22,55.45,56.11,55.24,55.46,757400.0
2023-12-26,55.33,55.59,55.24,55.28,1047800.0
2023-12-27,55.02,55.5,55.02,55.24,756000.0
2023-12-28,55.09,55.45,55.05,55.36,741200.0
2023-12-29,55.19,55.49,55.07,55.33,776300.0
2024-01-02,55.21,56.41,55.17,56.1,1275300.0
2024-01-03,56.17,56.41,55.65,56.08,1341600.0
2024-01-04,56.01,56.18,55.38,55.42,1198000.0
2024-01-05,55.44,55.99,55.14,55.6,1669500.0
2024-01-08,55.6,56.31,55.42,56.31,1319600.0
2024-01-09,56.22,56.78,55.91,56.76,1908000.0
2024-01-10,56.69,57.55,56.61,57.45,1738400.0
2024-01-11,57.22,57.64,56.99,57.58,1281400.0
2024-01-12,57.67,57.86,57.06,57.12,1041900.0
2024-01-16,57.4,57.59,56.67,57.11,1083800.0
2024-01-17,56.99,57.3,56.77,57.18,1130600.0
2024-01-18,57.15,57.27,56.43,56.79,993200.0
2024-01-19,57.01,57.01,56.08,56.48,1220700.0
2024-01-22,56.3,57.01,56.27,56.7,1188800.0
2024-01-23,56.57,56.84,56.29,56.54,1119300.0
2024-01-24,56.57,56.62,55.13,55.24,1651000.0
2024-01-25,55.6,56.85,55.47,56.83,1565400.0
2024-01-26,57.08,57.4,56.48,56.71,1019500.0
2024-01-29,56.8,57.38,56.33,57.3,1190400.0
2024-01-30,57.29,57.46,56.68,56.83,1211600.0
2024-01-31,57.07,57.28,55.56,55.85,1185300.0
2024-02-01,55.88,57.12,55.8,57.04,1342000.0
2024-02-02,56.95,57.05,55.86,56.1,1359500.0
2024-02-05,55.52,55.78,55.23,55.39,1349700.0
2024-02-06,55.37,56.08,55.29,55.4,2314200.0
2024-02-07,54.32,54.67,53.24,53.99,4186800.0
2024-02-08,53.99,54.51,53.51,54.47,2414600.0
2024-02-09,54.24,54.45,53.66,54.44,2134000.0
2024-02-12,54.46,56.16,54.42,56.14,4091200.0
2024-02-13,56.49,56.71,54.03,55.4,4557400.0
2024-02-14,56.01,56.18,54.86,55.53,2109400.0
2024-02-15,55.75,56.43,55.67,56.1,1538500.0
2024-02-16,55.91,56.29,55.54,56.18,1458800.0
2024-02-20,56.3,57.31,56.18,56.69,2008700.0
2024-02-21,56.92,57.25,56.19,56.46,1359700.0
2024-02-22,56.04,56.81,55.67,56.64,1614100.0
2024-02-23,56.5,56.97,56.22,56.48,1389500.0
2024-02-26,56.35,57.12,56.34,56.71,1029300.0
2024-02-27,56.66,57.18,56.34,56.73,1076800.0
2024-02-28,56.82,56.94,56.44,56.84,1289200.0
2024-02-29,56.94,57.33,56.6,56.82,2331900.0
2024-03-01,56.78,56.97,56.0,56.55,1192900.0
2024-03-04,56.22,56.92,56.22,56.74,1253800.0
2024-03-05,56.96,57.95,56.92,57.35,1495800.0
2024-03-06,57.77,57.99,56.67,57.14,1659400.0
2024-03-07,57.34,58.35,57.14,58.27,1709900.0
2024-03-08,58.32,58.92,57.99,58.76,1642400.0
2024-03-11,58.92,60.64,58.83,60.03,2085700.0
2024-03-12,59.92,60.41,59.31,59.68,1286700.0
2024-03-13,60.08,60.54,59.92,60.27,1764000.0
2024-03-14,59.98,60.58,59.47,60.01,2533600.0
2024-03-15,59.64,61.5,59.64,61.41,4433000.0
2024-03-18,61.15,61.72,60.98,61.4,1647200.0
2024-03-19,61.51,61.9,61.26,61.9,1697900.0
2024-03-20,61.89,61.99,60.65,60.84,1543600.0
2024-03-21,60.68,61.39,60.28,61.05,1163100.0
2024-03-22,61.2,61.58,60.93,61.13,1007200.0
2024-03-25,61.35,61.7,61.11,61.6,1393700.0
2024-03-26,61.82,62.11,60.89,60.89,1576500.0
2024-03-27,61.17,61.64,60.99,61.3,1255900.0
2024-03-28,61.5,61.7,60.93,61.21,1190000.0
2024-04-01,60.96,61.45,60.86,61.29,1185200.0
2024-04-02,61.3,62.12,61.3,62.07,1940600.0
2024-04-03,62.03,62.2,61.77,62.02,1429700.0
2024-04-04,62.29,62.29,60.96,61.33,1370800.0
2024-04-05,61.37,61.52,60.99,61.3,1222200.0
2024-04-08,61.19,61.3,60.6,60.65,1502300.0
2024-04-09,62.97,62.97,60.89,61.29,2344800.0
2024-04-10,60.77,61.73,60.62,61.4,1792500.0
2024-04-11,61.65,62.03,61.05,61.72,1439600.0
2024-04-12,61.48,61.6,60.16,60.38,1338000.0
2024-04-15,60.87,60.87,58.88,58.96,1927000.0
2024-04-16,58.83,58.98,57.5,57.58,2190400.0
2024-04-17,57.93,58.57,57.67,57.84,1817100.0
2024-04-18,58.19,58.56,57.78,58.15,1507500.0
2024-04-19,58.26,58.93,57.99,58.46,1353700.0
2024-04-22,58.66,59.38,58.29,58.73,1659500.0
2024-04-23,58.19,59.0,57.94,58.42,2034200.0
2024-04-24,56.83,58.42,56.16,57.98,2444500.0
2024-04-25,57.72,58.15,56.73,57.18,1791600.0
2024-04-26,57.4,57.6,56.9,56.93,1404600.0
2024-04-29,57.11,58.43,57.1,57.85,2557300.0
2024-04-30,56.89,57.29,52.12,52.12,5970600.0
2024-05-01,51.75,53.3,51.66,51.96,2840700.0
2024-05-02,52.01,53.51,51.99,52.61,2792800.0
2024-05-03,52.76,53.44,52.54,52.66,2054700.0
2024-05-06,52.94,53.06,51.89,52.13,2342300.0
2024-05-07,52.49,53.18,52.31,53.04,2855200.0
2024-05-08,53.2,53.68,52.76,52.98,1816000.0
2024-05-09,53.05,53.59,53.04,53.53,1457700.0
2024-05-10,53.54,54.09,53.49,53.75,1615400.0
2024-05-13,53.79,54.05,53.44,53.49,1872300.0
2024-05-14,53.54,53.66,52.62,52.92,2258700.0
2024-05-15,53.09,53.15,51.75,51.81,2105200.0
2024-05-16,51.84,52.47,51.77,52.29,2117900.0
2024-05-17,52.41,52.41,51.26,51.4,1484700.0
2024-05-20,51.7,51.7,50.07,50.25,2108500.0
2024-05-21,50.34,50.56,50.01,50.21,1304300.0
2024-05-22,50.01,50.35,49.57,49.59,1276800.0
2024-05-23,49.44,49.73,48.74,48.9,1492100.0
2024-05-24,49.2,49.4,48.57,48.7,1363200.0
2024-05-28,48.38,49.26,48.18,48.21,2627200.0
2024-05-29,47.92,49.13,47.88,48.26,2817700.0
2024-05-30,48.35,48.62,48.13,48.44,2395100.0
2024-05-31,48.62,50.14,48.22,49.89,3823800.0
2024-06-03,49.69,49.97,48.34,48.65,3096400.0
2024-06-04,48.51,48.55,48.12,48.2,2137200.0
2024-06-05,48.24,48.24,47.59,47.79,3294500.0
2024-06-06,47.63,48.4,47.52,48.11,4052000.0
2024-06-07,47.92,48.59,47.64,47.67,2100600.0
2024-06-10,47.57,47.99,47.36,47.64,2216100.0
2024-06-11,47.35,47.44,46.55,46.77,3183100.0
2024-06-12,47.17,47.32,46.7,46.79,3695700.0
2024-06-13,46.67,46.74,45.71,46.17,1881100.0
2024-06-14,45.85,46.12,45.15,45.46,2881500.0
2024-06-17,45.4,46.11,45.32,46.08,2217300.0
2024-06-18,45.88,46.25,45.73,46.14,2347700.0
2024-06-20,45.89,46.64,45.75,46.47,1896400.0
2024-06-21,46.69,47.52,46.24,46.77,6050000.0
2024-06-24,46.81,47.57,46.72,47.18,2036600.0
2024-06-25,46.73,47.08,46.39,46.88,2040200.0
2024-06-26,46.64,46.75,46.21,46.51,2208900.0
2024-06-27,46.54,46.65,45.95,46.47,2104200.0
2024-06-28,46.63,46.74,46.24,46.66,2492900.0
2024-07-01,46.92,47.05,46.05,46.44,1808100.0
2024-07-02,46.53,46.55,46.04,46.41,1396200.0
2024-07-03,46.93,46.99,46.26,46.47,1138900.0
2024-07-05,46.34,46.39,45.55,45.88,2581400.0
2024-07-08,45.92,46.07,45.68,46.04,1949000.0
2024-07-09,45.86,46.44,45.77,45.84,1987800.0
2024-07-10,45.84,46.33,45.62,46.29,1578300.0
2024-07-11,46.48,47.22,46.39,46.97,1669100.0
2024-07-12,46.97,47.37,46.54,47.03,1926200.0
2024-07-15,47.0,47.54,46.81,47.12,2052800.0
2024-07-16,47.33,48.29,47.13,48.26,1699700.0
2024-07-17,48.46,49.77,48.37,49.55,2158300.0
2024-07-18,48.65,49.74,48.5,48.71,2308100.0
2024-07-19,48.64,48.69,47.92,48.1,1215700.0
2024-07-22,48.1,48.41,47.51,48.2,1339100.0
2024-07-23,48.07,48.83,48.03,48.55,1291100.0
2024-07-24,48.67,49.05,48.56,48.99,1912600.0
2024-07-25,49.09,49.86,48.94,49.57,2154300.0
2024-07-26,49.69,50.41,49.55,49.87,1631900.0
2024-07-29,49.5,49.56,48.38,48.76,2027100.0
2024-07-30,48.66,49.05,48.5,48.89,1758200.0
2024-07-31,48.81,49.12,48.49,48.51,1554700.0
2024-08-01,48.71,49.06,48.15,48.45,1480900.0
2024-08-02,48.68,48.91,47.44,48.55,2169000.0
2024-08-05,48.65,49.05,46.7,46.93,3036300.0
2024-08-06,49.94,50.65,49.19,49.47,4839600.0
2024-08-07,49.49,50.45,47.82,47.82,3684300.0
2024-08-08,47.73,48.84,47.73,48.52,2118600.0
2024-08-09,48.5,48.71,48.08,48.63,1474600.0
2024-08-12,48.64,49.04,47.65,47.74,2298600.0
2024-08-13,47.69,50.27,47.57,48.64,1609000.0
2024-08-14,48.78,48.78,48.05,48.12,956600.0
2024-08-15,48.48,49.37,48.48,49.17,1861700.0
2024-08-16,49.12,49.34,48.81,49.23,1070900.0
2024-08-19,49.23,49.79,49.21,49.6,1252400.0
2024-08-20,49.44,49.67,49.27,49.32,1351600.0
2024-08-21,49.59,49.79,48.7,48.9,1620700.0
2024-08-22,49.07,49.34,48.99,49.13,1186300.0
2024-08-23,49.35,49.54,48.97,49.41,693800.0
2024-08-26,49.68,49.95,49.38,49.45,1019100.0
2024-08-27,49.57,49.68,49.06,49.15,1209000.0
2024-08-28,49.05,49.37,48.77,49.07,1054200.0
2024-08-29,49.41,49.49,48.48,49.24,1020500.0
2024-08-30,49.46,50.07,49.32,49.95,2402700.0
2024-09-03,49.42,53.57,49.32,52.66,7793400.0
2024-09-04,52.57,53.23,50.97,51.59,3830100.0
2024-09-05,51.91,52.09,51.4,51.65,2208500.0
2024-09-06,51.66,52.1,51.48,51.61,1687900.0
2024-09-09,51.71,52.38,51.39,51.77,2119100.0
2024-09-10,51.9,52.0,50.44,50.67,1670100.0
2024-09-11,50.64,50.66,49.15,49.83,1373900.0
2024-09-12,49.6,50.35,49.18,50.26,1101700.0
2024-09-13,50.5,51.56,50.35,50.84,1091600.0
2024-09-16,51.18,51.55,50.95,51.36,1240000.0
2024-09-17,51.45,52.25,51.25,51.9,1397400.0
2024-09-18,51.78,52.17,51.18,51.22,1597400.0
2024-09-19,51.48,52.04,51.01,51.2,2215600.0
2024-09-20,50.59,51.65,50.17,50.43,7048200.0
2024-09-23,50.27,51.4,50.16,50.96,1658000.0
2024-09-24,51.09,51.2,50.41,50.54,1590800.0
2024-09-25,50.64,50.82,50.1,50.53,1842100.0
2024-09-26,50.8,51.27,50.73,51.22,1321400.0
2024-09-27,51.66,52.83,51.55,52.59,2464400.0
2024-09-30,52.75,53.53,52.2,53.23,2369800.0
2024-10-01,53.14,53.45,52.84,53.08,1795900.0
2024-10-02,52.88,53.09,51.83,52.13,1596400.0
2024-10-03,51.84,52.03,50.95,51.39,1417000.0
2024-10-04,51.36,52.09,51.36,51.89,997800.0
2024-10-07,51.85,51.85,50.57,50.94,1053700.0
2024-10-08,50.23,50.48,49.54,49.95,1939400.0
2024-10-09,50.1,50.91,50.02,50.26,1199800.0
2024-10-10,50.6,50.6,49.98,50.34,1148000.0
2024-10-11,50.36,50.8,50.26,50.39,823400.0
2024-10-14,50.47,50.94,50.26,50.76,1046300.0
2024-10-15,50.52,51.32,50.13,50.43,1587000.0
2024-10-16,50.44,52.09,50.44,51.92,1729100.0
2024-10-17,51.87,52.25,51.41,51.87,1389800.0
2024-10-18,52.15,52.29,51.54,51.83,1728800.0
2024-10-21,51.67,52.2,51.56,51.57,1339200.0
2024-10-22,51.59,51.97,51.09,51.71,1314300.0
2024-10-23,51.36,51.95,51.11,51.86,1369100.0
2024-10-24,51.81,51.96,51.42,51.92,1327200.0
2024-10-25,51.92,52.09,51.47,51.61,1277800.0
2024-10-28,51.79,52.24,51.6,51.84,891500.0
2024-10-29,51.59,52.01,51.49,51.62,1187600.0
2024-10-30,51.62,51.99,51.24,51.34,1631400.0
2024-10-31,51.4,51.72,50.38,50.41,1203200.0
2024-11-01,50.67,51.08,50.35,50.9,1736300.0
2024-11-04,50.97,51.74,50.9,51.56,1617000.0
2024-11-05,51.4,51.83,51.12,51.81,1378000.0
2024-11-06,52.94,53.68,51.47,52.31,3221000.0
2024-11-07,48.63,53.79,48.6,52.5,3006100.0
2024-11-08,53.63,56.05,53.39,55.12,3632600.0
2024-11-11,55.07,56.93,54.82,55.99,2363900.0
2024-11-12,55.87,57.34,55.54,57.28,2303500.0
2024-11-13,57.38,59.27,57.3,59.12,2889300.0
2024-11-14,59.42,59.5,57.96,58.05,2071400.0
2024-11-15,58.18,58.29,57.27,57.77,2245600.0
2024-11-18,57.8,58.14,57.21,57.26,1448300.0
2024-11-19,56.95,57.13,56.08,56.27,1741800.0
2024-11-20,56.23,56.42,55.18,55.88,1573500.0
2024-11-21,55.91,56.31,55.82,55.96,1331500.0
2024-11-22,55.95,56.38,55.68,55.86,1488300.0
2024-11-25,56.31,57.58,56.13,56.15,2848800.0
2024-11-26,56.18,56.96,55.86,56.83,2132700.0
2024-11-27,57.06,57.44,56.59,56.68,1438000.0
2024-11-29,56.68,57.78,56.46,57.43,988200.0
2024-12-02,57.56,57.92,56.83,57.2,1874700.0
2024-12-03,57.32,57.66,56.25,56.9,2099400.0
2024-12-04,56.94,57.84,56.82,57.16,1795200.0
2024-12-05,57.37,57.5,56.69,56.82,1524900.0
2024-12-06,59.51,60.14,56.74,56.98,2207000.0
2024-12-09,56.96,57.88,56.86,57.39,1811600.0
2024-12-10,57.42,57.67,56.99,57.41,1591100.0
2024-12-11,57.73,57.91,57.21,57.22,1583100.0
2024-12-12,57.63,57.76,56.61,56.8,1793000.0
2024-12-13,56.71,57.55,56.56,56.93,1326500.0
2024-12-16,56.72,56.85,55.52,55.56,1781800.0
2024-12-17,55.24,55.95,54.79,55.23,1688000.0
2024-12-18,54.96,55.55,54.33,54.36,1731300.0
2024-12-19,54.47,54.92,54.15,54.67,1437300.0
2024-12-20,54.61,55.41,54.32,55.31,4913500.0
2024-12-23,55.02,55.07,53.99,54.6,1532800.0
2024-12-24,54.46,54.91,54.28,54.62,737800.0
2024-12-26,54.44,54.65,54.23,54.36,1131400.0
2024-12-27,53.97,54.53,53.6,53.9,966900.0
2024-12-30,53.77,53.85,52.92,53.02,1362100.0
2024-12-31,53.09,53.72,53.09,53.43,928500.0
2025-01-02,53.81,54.03,53.16,53.32,954700.0
2025-01-03,52.42,52.73,50.8,51.52,3210100.0
2025-01-06,51.61,52.84,51.5,52.16,1805700.0
2025-01-07,52.29,52.84,51.42,51.44,1410000.0
2025-01-08,51.13,51.91,51.03,51.82,1505300.0
2025-01-10,51.17,51.75,48.66,48.88,2681600.0
2025-01-13,48.86,50.39,48.39,50.16,2067100.0
2025-01-14,50.21,50.73,49.87,50.51,1676000.0
2025-01-15,51.18,51.37,50.63,50.77,1556300.0
2025-01-16,50.44,51.32,50.35,51.25,1484700.0
2025-01-17,51.25,51.75,51.02,51.48,1944800.0
2025-01-21,51.67,52.01,51.48,51.96,1620800.0
2025-01-22,51.84,51.96,51.11,51.16,1350500.0
2025-01-23,51.16,51.25,50.21,50.37,1532200.0
2025-01-24,50.48,51.65,50.48,51.42,1707100.0
2025-01-27,51.91,53.28,51.91,52.82,1991700.0
2025-01-28,52.59,52.66,51.06,51.17,1498400.0
2025-01-29,51.25,51.77,51.07,51.22,1233700.0
2025-01-30,51.65,51.99,50.9,51.48,1063000.0
2025-01-31,51.18,51.84,50.96,51.03,1497600.0
2025-02-03,49.95,50.59,49.11,49.77,1487200.0
2025-02-04,49.53,49.79,49.18,49.36,1248900.0
2025-02-05,49.63,49.93,49.15,49.66,1291800.0
2025-02-06,50.82,50.87,49.85,50.66,1844400.0
2025-02-07,51.18,51.27,50.24,50.58,1721700.0
2025-02-10,50.62,50.62,49.73,50.01,2012000.0
2025-02-11,50.14,50.53,49.4,50.34,1931900.0
2025-02-12,50.78,50.78,49.16,49.82,4274700.0
2025-02-13,53.35,54.92,52.02,54.57,6160800.0
2025-02-14,55.29,56.39,54.95,56.26,3271600.0
2025-02-18,56.07,56.6,55.23,56.52,2888800.0
2025-02-19,56.44,56.44,55.29,56.06,2664500.0
2025-02-20,56.07,56.44,55.46,56.3,1730200.0
2025-02-21,56.57,56.8,55.82,56.24,2169300.0
2025-02-24,56.15,57.37,55.62,57.05,2345900.0
2025-02-25,57.39,57.56,56.21,56.69,2827900.0
2025-02-26,56.93,57.91,56.71,57.85,3106000.0
2025-02-27,58.02,58.26,57.26,57.8,2175300.0
2025-02-28,58.2,58.46,56.83,57.57,3533600.0
2025-03-03,57.58,58.07,57.18,57.57,1708000.0
2025-03-04,57.42,57.64,55.87,55.96,2474000.0
2025-03-05,56.05,56.37,55.01,55.7,2449900.0
2025-03-06,55.79,56.08,55.09,55.79,1500100.0
2025-03-07,55.57,58.79,55.57,58.1,3101300.0
2025-03-10,58.37,60.73,58.37,59.09,3412100.0
2025-03-11,59.17,59.4,56.43,56.73,3142200.0
2025-03-12,56.31,56.61,55.48,55.77,1689900.0
2025-03-13,55.9,56.21,55.15,55.19,1917200.0
2025-03-14,55.22,56.28,55.22,56.0,1666700.0
2025-03-17,56.19,56.67,55.5,55.76,2242300.0
2025-03-18,55.65,55.89,55.2,55.36,1921900.0
2025-03-19,55.17,55.17,54.21,54.75,2245800.0
2025-03-20,54.71,56.06,54.71,55.41,3165400.0
2025-03-21,55.56,56.39,54.88,55.31,8355700.0
2025-03-24,55.78,55.86,54.91,55.67,1929700.0
2025-03-25,55.6,55.73,54.78,55.19,1295300.0
2025-03-26,55.34,57.03,55.26,56.88,1969700.0
2025-03-27,56.97,57.33,56.67,57.26,1548200.0
2025-03-28,57.42,57.6,56.59,56.85,1594300.0
2025-03-31,56.65,57.93,56.65,57.17,1984300.0
2025-04-01,57.37,57.63,56.5,57.52,1794600.0
2025-04-02,58.2,58.46,57.11,58.19,1622300.0
2025-04-03,58.16,59.64,57.72,58.67,4413200.0
2025-04-04,58.09,59.25,57.24,57.44,3780100.0
2025-04-07,55.96,58.38,55.57,56.69,3220900.0
2025-04-08,57.75,58.37,54.32,54.96,3171600.0
2025-04-09,54.26,57.87,54.24,56.9,3625700.0
2025-04-10,56.44,57.47,55.19,56.31,1876300.0
2025-04-11,56.15,57.23,55.19,57.0,2583000.0
2025-04-14,57.33,57.68,56.55,56.98,1563100.0
2025-04-15,57.09,57.21,55.56,55.9,3556300.0
2025-04-16,56.38,57.14,55.06,55.14,1893100.0
2025-04-17,55.68,56.07,55.12,55.18,1549300.0
2025-04-21,55.13,55.13,53.27,54.41,1915000.0
2025-04-22,54.86,55.75,54.69,55.42,1714700.0
2025-04-23,55.71,55.92,54.41,55.13,2052300.0
2025-04-24,54.88,55.09,54.43,54.81,1296400.0
2025-04-25,54.81,54.85,52.89,53.35,2273100.0
2025-04-28,53.5,54.02,53.01,53.26,1520000.0
2025-04-29,52.95,53.62,52.66,53.59,1734600.0
2025-04-30,53.9,54.22,53.03,54.04,2425500.0
2025-05-01,54.05,54.31,53.51,53.77,1701300.0
2025-05-02,54.42,54.49,53.89,54.06,1859800.0
2025-05-05,53.97,54.29,53.53,53.95,1785200.0
2025-05-06,53.57,53.76,53.06,53.44,2051200.0
2025-05-07,53.97,53.97,53.1,53.39,3406400.0
2025-05-08,49.17,51.77,48.0,50.96,6871000.0
2025-05-09,50.72,52.06,50.72,51.31,3314500.0
2025-05-12,51.87,52.25,50.93,51.61,4661300.0
2025-05-13,51.61,52.2,51.37,51.83,3421500.0
2025-05-14,51.68,52.35,51.59,52.12,3284500.0
2025-05-15,52.34,53.11,52.1,52.85,3117000.0
2025-05-16,53.14,53.42,52.79,53.4,2228700.0
2025-05-19,53.21,53.49,52.57,53.17,2668000.0
2025-05-20,53.06,54.07,53.02,53.49,2616800.0
2025-05-21,53.23,53.37,52.04,52.26,3272100.0
2025-05-22,52.11,52.31,50.91,51.01,3318800.0
2025-05-23,50.75,51.26,50.5,50.73,2179200.0
2025-05-27,51.14,51.17,50.58,50.9,2520900.0
2025-05-28,50.67,50.89,49.7,49.74,2981400.0
2025-05-29,49.84,50.54,49.17,50.44,2623400.0
2025-05-30,50.41,50.6,49.97,50.33,3500600.0
2025-06-02,49.92,50.09,49.08,49.66,2116000.0
2025-06-03,49.53,49.76,48.53,49.56,2401900.0
2025-06-04,49.53,50.03,49.21,49.56,1907600.0
2025-06-05,49.5,49.51,48.43,48.71,2937600.0
2025-06-06,49.37,49.37,48.8,49.29,1918900.0
2025-06-09,49.37,49.55,49.04,49.38,2395500.0
2025-06-10,49.39,49.8,49.1,49.49,1611500.0
2025-06-11,49.52,49.57,48.85,49.06,2004200.0
2025-06-12,48.86,49.03,48.5,48.83,1815600.0
2025-06-13,48.55,48.8,47.77,47.95,1993800.0
2025-06-16,48.34,48.34,46.79,47.03,2836300.0
2025-06-17,46.79,47.44,46.72,46.77,2988500.0
2025-06-18,46.9,47.27,46.21,46.26,3016300.0
2025-06-20,46.42,46.49,45.34,45.54,4635500.0
2025-06-23,45.4,45.82,44.94,45.54,2881200.0
2025-06-24,45.67,46.2,45.45,45.71,2846700.0
2025-06-25,45.62,45.68,44.6,44.78,2772700.0
2025-06-26,44.95,45.64,44.73,44.78,2633500.0
2025-06-27,44.49,45.1,44.49,44.97,3322400.0
2025-06-30,44.84,45.71,44.83,45.58,3795600.0
2025-07-01,45.68,47.24,45.52,46.51,3076600.0
2025-07-02,46.8,47.26,46.47,46.96,2909400.0
2025-07-03,47.08,47.39,46.76,46.86,1466400.0
2025-07-07,46.63,46.91,46.13,46.44,2422100.0
2025-07-08,46.18,47.13,45.96,46.8,2429400.0
2025-07-09,46.79,47.21,46.38,46.97,2234700.0
2025-07-10,46.51,47.75,46.43,47.21,1972200.0
2025-07-11,46.73,47.57,46.48,47.39,1782000.0
2025-07-14,47.19,47.24,46.36,46.89,1656500.0
2025-07-15,46.89,47.02,46.37,46.49,2043800.0
2025-07-16,46.44,47.21,46.37,47.09,1749900.0
2025-07-17,47.05,47.78,46.98,47.71,2108500.0
2025-07-18,47.99,48.19,47.34,47.45,1903400.0
2025-07-21,47.62,47.84,47.25,47.35,1918200.0
2025-07-22,47.47,48.95,47.47,48.95,2435100.0
2025-07-23,49.23,49.43,48.93,49.36,2622400.0
2025-07-24,49.16,49.34,48.19,48.22,2377300.0
2025-07-25,48.41,48.6,48.12,48.52,1976500.0
2025-07-28,48.01,48.24,47.04,47.32,1996400.0
2025-07-29,47.37,48.02,47.16,47.98,2118100.0
2025-07-30,47.89,48.1,46.57,46.75,2244000.0
2025-07-31,45.95,46.69,45.53,46.18,4733200.0
2025-08-01,46.74,46.81,45.58,45.7,3089500.0
2025-08-04,45.76,46.54,45.6,46.07,3763000.0
2025-08-05,46.48,48.43,45.45,46.65,5773800.0
2025-08-06,46.64,47.77,46.14,47.59,3744800.0
2025-08-07,47.83,47.86,46.76,46.92,3500600.0
2025-08-08,47.18,48.38,47.16,48.05,2560900.0
2025-08-11,48.03,48.42,47.11,47.69,3348100.0
2025-08-12,47.91,48.96,47.72,48.38,2667500.0
2025-08-13,48.12,49.24,48.02,49.01,2565100.0
2025-08-14,48.72,48.93,47.92,48.56,1661000.0
2025-08-15,48.73,49.04,48.51,48.74,1514100.0
2025-08-18,48.63,48.92,48.33,48.45,2091900.0
2025-08-19,48.48,49.43,48.47,48.86,1942700.0
2025-08-20,49.07,49.41,48.58,48.64,2510300.0
2025-08-21,48.33,49.13,47.97,49.04,2213800.0
2025-08-22,49.24,50.18,49.11,50.06,1717400.0
2025-08-25,49.84,50.06,48.76,48.92,1440600.0
2025-08-26,48.61,48.75,47.63,47.71,2653000.0
2025-08-27,47.65,48.62,47.65,48.46,2029800.0
2025-08-28,48.71,48.71,47.19,47.6,2054200.0
2025-08-29,47.77,48.28,47.53,47.86,1714600.0
2025-09-02,46.97,47.77,46.84,47.63,2358200.0
2025-09-03,47.47,47.6,47.04,47.21,2477500.0
2025-09-04,47.36,47.45,46.92,47.31,1866000.0
2025-09-05,47.35,48.47,47.29,48.22,1787900.0
2025-09-08,47.93,48.02,47.33,47.73,1983400.0
2025-09-09,47.88,48.14,47.17,47.32,2060300.0
2025-09-10,47.1,47.13,46.44,46.93,2613900.0
2025-09-11,47.19,47.29,46.74,47.01,1953700.0
2025-09-12,46.56,46.69,45.99,46.33,2467300.0
2025-09-15,46.37,46.5,45.56,45.76,2454000.0
2025-09-16,45.77,46.06,44.94,45.38,2758800.0
2025-09-17,45.5,45.93,44.75,44.84,2404000.0
2025-09-18,44.73,45.2,44.42,44.88,2142100.0
2025-09-19,45.12,45.18,44.35,44.56,5386100.0
2025-09-22,44.11,44.31,43.14,43.14,3558300.0
2025-09-23,43.45,43.45,42.09,42.19,3732100.0
2025-09-24,42.01,43.51,41.91,43.36,3645700.0
2025-09-25,43.47,43.64,42.39,42.49,3217800.0
2025-09-26,42.74,43.14,42.55,42.9,2154400.0
2025-09-29,42.95,43.91,42.79,43.79,2587200.0
2025-09-30,43.35,43.51,42.63,43.3,2763400.0
2025-10-01,43.91,44.23,43.48,44.04,2804000.0
2025-10-02,43.84,44.69,43.84,44.19,2467900.0
2025-10-03,44.12,44.47,44.02,44.39,1684200.0
2025-10-06,44.25,44.29,43.67,43.68,2297300.0
2025-10-07,44.02,44.47,43.75,44.19,2171200.0
2025-10-08,44.19,44.29,43.6,43.63,2035900.0
2025-10-09,43.75,44.11,43.38,44.02,2343800.0
2025-10-10,44.32,44.57,43.73,43.99,2168700.0
2025-10-13,43.82,44.39,43.7,44.04,2061100.0
2025-10-14,44.01,44.8,43.83,44.71,2144500.0
2025-10-15,44.58,45.02,43.59,44.37,2663300.0
2025-10-16,44.54,45.16,44.41,45.01,1840100.0
2025-10-17,45.15,45.47,44.69,45.29,1872600.0
2025-10-20,45.3,45.32,44.57,44.59,1610800.0
2025-10-21,44.52,44.74,44.21,44.53,2106700.0
2025-10-22,44.29,45.2,44.18,44.58,1452000.0
2025-10-23,44.49,44.55,43.4,43.65,1846400.0
2025-10-24,43.73,43.98,43.2,43.48,2429200.0
2025-10-27,43.47,43.65,43.21,43.32,2184900.0
2025-10-28,43.11,43.6,42.92,43.28,1994000.0
2025-10-29,42.9,42.99,41.59,41.63,2637400.0
2025-10-30,41.63,42.22,41.55,41.77,2416300.0
2025-10-31,41.46,41.99,41.09,41.83,2191300.0
2025-11-03,41.67,41.75,41.12,41.36,3383300.0
2025-11-04,41.34,43.14,41.09,41.79,5524400.0
2025-11-05,41.59,43.56,41.55,43.23,4004600.0
2025-11-06,42.9,43.86,42.12,42.19,4487900.0
2025-11-07,42.7,44.36,42.39,44.33,4323900.0
2025-11-10,44.39,45.05,44.27,44.82,2972500.0
2025-11-11,45.0,45.7,44.23,45.13,2889000.0
2025-11-12,45.5,45.8,43.96,43.99,4112800.0
2025-11-13,44.02,45.26,43.84,44.86,4230400.0
2025-11-14,44.92,45.21,43.87,44.44,2776700.0
2025-11-17,44.34,44.69,43.64,43.65,3771200.0
2025-11-18,43.95,44.69,43.54,44.45,2987600.0
2025-11-19,43.8,44.31,43.24,43.32,2982300.0
2025-11-20,43.19,44.01,43.14,43.51,2456200.0
2025-11-21,43.8,44.59,43.56,44.12,4134100.0
2025-11-24,43.89,44.69,43.38,44.24,18871200.0
2025-11-25,44.67,45.24,44.23,44.39,3789100.0
2025-11-26,44.29,45.07,44.21,44.6,2860000.0
2025-11-28,44.51,44.81,44.39,44.5,1517300.0
2025-12-01,44.45,45.24,44.3,44.89,3004800.0
2025-12-02,44.67,44.75,43.88,44.49,5180400.0
2025-12-03,44.34,45.1,44.21,44.25,4535000.0
2025-12-04,44.11,44.63,43.46,43.6,2897100.0
2025-12-05,43.51,44.11,43.47,43.63,2882800.0
2025-12-08,43.7,45.24,43.39,45.07,4842800.0
2025-12-09,44.98,45.23,43.51,43.72,2752100.0
2025-12-10,44.1,45.33,43.78,45.3,4315800.0
2025-12-11,45.46,46.09,45.42,45.5,2403600.0
2025-12-12,45.68,46.12,45.61,46.02,2274600.0
2025-12-15,46.03,46.22,43.62,46.09,3660100.0
2025-12-16,46.18,47.07,45.99,46.22,2887200.0
2025-12-17,46.21,46.91,46.17,46.47,2190800.0
2025-12-18,46.29,46.75,46.02,46.11,2472100.0
2025-12-19,46.46,46.74,46.06,46.1,4967700.0
2025-12-22,45.94,45.94,44.6,45.01,3596500.0
2025-12-23,45.32,45.32,44.18,44.5,2462500.0
2025-12-24,44.48,44.89,44.35,44.79,1097400.0
2025-12-26,44.78,44.93,44.47,44.88,2043600.0
2025-12-29,44.56,45.17,44.39,45.06,2579800.0
2025-12-30,45.02,45.32,44.81,45.25,2282000.0
2025-12-31,45.23,45.53,45.02,45.13,1738100.0
2026-01-02,45.45,46.03,44.9,45.83,2763800.0
2026-01-05,45.29,45.55,43.97,44.77,3294700.0
2026-01-06,44.62,44.91,44.33,44.66,4242100.0
2026-01-07,44.68,44.75,44.0,44.42,2869100.0
2026-01-08,44.51,46.31,44.32,45.68,3604400.0
2026-01-09,46.0,46.65,45.69,46.53,2562800.0
2026-01-12,46.87,47.69,46.86,47.23,3300600.0
2026-01-13,47.1,47.73,46.91,47.57,2046700.0
2026-01-14,47.67,48.91,47.66,48.82,2394200.0
2026-01-15,48.61,49.01,48.0,48.96,2206000.0
2026-01-16,48.24,48.54,47.14,47.33,2657400.0
2026-01-20,47.03,48.48,46.53,48.34,3496900.0
2026-01-21,48.34,48.8,47.92,48.76,2733800.0
2026-01-22,48.64,49.02,47.89,48.11,2312400.0
2026-01-23,47.99,48.36,47.38,47.71,2326200.0
2026-01-26,47.92,48.09,47.42,47.51,2576700.0
2026-01-27,47.36,47.73,46.76,46.85,3309500.0
2026-01-28,46.76,47.65,46.02,46.16,2643100.0
2026-01-29,46.31,47.0,45.79,45.99,4383100.0
2026-01-30,46.28,46.56,46.05,46.45,2429700.0
2026-02-02,46.61,47.0,46.08,46.82,2538500.0
2026-02-03,46.6,48.62,46.6,47.68,2824300.0
2026-02-04,48.19,49.86,48.08,49.61,3677200.0
2026-02-05,50.03,50.16,49.14,49.43,2355700.0
2026-02-06,49.42,50.17,49.37,50.04,2269500.0
2026-02-09,50.2,50.62,48.97,49.18,2810900.0
2026-02-10,49.36,50.7,49.04,50.3,2460800.0
2026-02-11,49.99,51.56,49.65,51.5,3088200.0
2026-02-12,51.56,53.0,51.44,52.58,4976500.0
2026-02-13,52.1,52.67,51.19,51.45,3705500.0
2026-02-17,51.49,51.98,48.84,49.21,5348600.0
2026-02-18,48.88,50.3,48.77,49.13,4483100.0
2026-02-19,46.03,47.18,44.76,46.75,7044200.0
2026-02-20,47.14,48.23,46.62,48.21,3431100.0
2026-02-23,48.13,48.37,47.58,47.83,3015900.0
2026-02-24,47.9,48.5,47.66,48.24,2673800.0
2026-02-25,46.86,47.24,45.42,45.93,4408100.0
2026-02-26,46.32,46.76,46.06,46.45,2771500.0
2026-02-27,46.51,47.7,46.45,47.36,2403600.0
2026-03-02,46.95,47.77,46.73,46.98,3950200.0
2026-03-03,46.35,47.07,45.88,46.47,3050700.0
2026-03-04,46.56,46.6,45.12,45.76,2888400.0
2026-03-05,45.43,46.06,45.1,45.54,2649700.0
2026-03-06,45.23,45.99,44.95,45.56,2029900.0
2026-03-09,45.17,45.3,44.27,44.94,2417500.0
2026-03-10,44.72,45.06,44.11,44.81,3546200.0
2026-03-11,44.77,44.88,43.61,43.93,2399500.0
2026-03-12,43.49,43.56,42.17,42.68,3835500.0
2026-03-13,43.12,43.53,42.57,42.6,2674600.0
2026-03-16,42.81,43.14,41.11,41.12,3045500.0
2026-03-17,41.44,41.72,41.1,41.61,2666100.0
2026-03-18,41.23,41.7,40.86,40.93,2942300.0
2026-03-19,41.22,41.75,41.03,41.3,2867900.0
2026-03-20,41.18,41.47,40.43,40.44,5375900.0
2026-03-23,41.14,41.43,40.72,40.97,2718500.0
2026-03-24,40.61,41.02,40.14,40.2,2043100.0
2026-03-25,40.53,40.79,40.09,40.31,2222700.0
2026-03-26,40.39,41.52,40.13,40.94,3072400.0
2026-03-27,41.15,42.55,41.02,42.39,3425200.0
2026-03-30,42.08,42.23,41.49,41.92,2366000.0
2026-03-31,41.99,42.39,41.76,42.06,1970600.0
2026-04-01,41.63,42.13,41.02,41.9,2618400.0
2026-04-02,42.22,43.11,41.76,43.02,2983300.0
2026-04-06,43.12,43.52,42.67,43.43,2105100.0
2026-04-07,43.58,44.18,43.51,44.0,2084200.0
2026-04-08,44.07,44.4,42.73,42.88,3331500.0
2026-04-09,42.44,44.17,42.26,43.64,3568200.0
2026-04-10,43.78,44.46,43.6,44.0,2218300.0
2026-04-13,43.96,43.96,43.12,43.61,2204300.0
2026-04-14,43.43,43.65,42.58,42.65,3728300.0
2026-04-15,42.61,43.47,42.46,43.28,2685300.0
2026-04-16,43.27,44.07,43.06,43.14,3004100.0
2026-04-17,42.9,43.86,42.9,43.55,3437700.0
2026-04-20,43.54,43.96,42.99,43.26,2631000.0
2026-04-21,43.25,43.39,42.51,42.58,2009300.0
2026-04-22,42.65,42.86,41.6,41.71,2946900.0
2026-04-23,42.0,42.34,41.76,41.87,3127900.0
2026-04-24,42.06,42.25,40.94,41.45,2959600.0
2026-04-27,41.4,42.15,41.18,41.6,3360200.0
2026-04-28,42.34,42.49,41.18,41.57,3222300.0
2026-04-29,41.27,41.77,40.88,41.43,4609300.0
2026-04-30,42.86,43.02,41.41,41.75,6385300.0
2026-05-01,41.48,41.56,40.81,41.16,4517400.0
2026-05-04,40.9,40.95,39.7,39.78,4417500.0
2026-05-05,40.1,41.57,39.95,41.21,3616200.0
2026-05-06,41.61,42.07,41.39,41.77,2779400.0
2026-05-07,41.65,42.39,41.58,42.13,3582900.0
2026-05-08,42.28,42.49,41.4,41.43,3455600.0
2026-05-11,41.35,41.48,40.47,40.48,3189300.0
2026-05-12,40.86,40.97,39.76,40.38,4624700.0
2026-05-13,40.39,40.76,40.16,40.46,2963600.0
2026-05-14,40.82,41.07,39.74,39.86,2424600.0
2026-05-15,40.19,40.48,39.78,39.89,2537100.0
2026-05-18,39.99,40.89,39.98,40.71,2787100.0
2026-05-19,41.02,41.68,40.51,40.98,2784700.0
2026-05-20,40.84,42.18,40.68,41.77,3287400.0
2026-05-21,41.51,41.97,41.1,41.54,3276100.0
2026-05-22,41.39,41.94,41.05,41.56,2106500.0
2026-05-26,41.29,41.64,39.88,40.27,3367800.0
2026-05-27,40.8,41.46,40.73,40.9,2892100.0
2026-05-28,40.22,40.37,39.43,39.63,3330000.0
2026-05-29,39.56,39.89,38.94,39.07,4112600.0
2026-06-01,38.77,40.06,38.57,38.58,3755400.0
2026-06-02,38.64,38.97,38.23,38.46,3476200.0
2026-06-03,38.38,38.5,37.91,38.18,2676900.0
2026-06-04,38.71,38.77,37.6,37.99,2895900.0
2026-06-05,38.26,38.9,38.2,38.61,2714300.0
2026-06-08,38.31,39.44,38.03,39.15,4138400.0
2026-06-09,39.15,40.23,39.15,40.05,4326500.0
2026-06-10,40.28,40.7,40.09,40.43,3450900.0
2026-06-11,40.59,40.81,40.18,40.46,2399100.0
2026-06-12,40.85,41.24,40.02,41.1,3597200.0
2026-06-15,40.81,41.56,40.14,40.42,2802600.0
2026-06-16,40.51,40.74,39.87,40.13,2300200.0
2026-06-17,39.93,39.99,38.17,38.6,3418100.0
2026-06-18,38.61,39.15,38.35,38.95,5702800.0
2026-06-22,38.38,39.21,38.19,39.18,4389900.0
2026-06-23,39.76,39.82,39.04,39.25,2800200.0
2026-06-24,39.54,40.53,39.28,40.06,3246100.0
2026-06-25,39.97,40.52,39.61,40.07,3198800.0
2026-06-26,40.38,41.0,40.27,41.0,4000600.0
2026-06-29,40.82,40.91,39.08,39.29,3961800.0
2026-06-30,39.69,39.69,38.2,38.51,3155400.0
2026-07-01,38.82,39.38,38.33,38.59,3080000.0
2026-07-02,39.1,39.69,38.91,39.32,2793300.0
2026-07-06,38.84,39.14,37.64,38.41,4140400.0
2026-07-07,39.47,40.49,38.78,38.82,3265200.0
2026-07-08,39.4,39.4,38.3,38.34,4024100.0
2026-07-09,38.19,38.73,37.86,38.29,2959000.0
2026-07-10,38.39,39.34,38.3,38.72,3246700.0
2026-07-13,39.21,40.03,38.97,39.42,3079000.0
2026-07-14,39.15,39.29,38.01,38.41,3224100.0
2026-07-15,38.35,39.54,38.09,39.15,2103600.0
2026-07-16,39.53,41.41,39.42,41.3,3902100.0
2026-07-17,41.83,42.56,40.29,40.46,3128000.0
2026-07-20,40.48,41.2,40.16,41.13,3128700.0
2026-07-21,40.64,41.12,40.17,40.39,2183100.0
2026-07-22,40.89,40.92,40.27,40.57,1734500.0
2026-07-23,40.21,40.34,39.21,39.58,2392500.0
2026-07-24,39.58,40.61,39.55,40.48,2103800.0
2026-07-27,40.51,41.22,40.05,40.66,2841900.0
2026-07-28,41.54,42.67,41.32,42.02,3734200.0
2026-07-29,41.84,43.12,41.64,42.27,3513500.0
2026-07-30,41.58,41.65,40.49,41.07,2868000.0
2026-07-31,40.63,41.27,40.52,41.08,5459800.0
2026-08-03,41.63,42.41,41.18,41.44,2978900.0
2026-08-04,40.82,41.82,40.82,41.8,2572700.0
2026-08-05,41.81,41.86,41.13,41.39,3301100.0
2026-08-06,43.2,43.99,41.43,41.92,4856300.0
2026-08-07,41.75,43.11,41.69,42.87,3222500.0
2026-08-10,42.23,42.23,41.22,42.03,2210000.0
2026-08-11,41.52,41.98,41.22,41.5,2272300.0
2026-08-12,41.21,41.41,40.81,41.09,1955600.0
2026-08-13,41.25,41.97,41.22,41.63,1980600.0
2026-08-14,41.45,42.35,41.45,42.28,1352200.0
2026-08-17,41.6,41.88,40.17,40.27,2739700.0
2026-08-18,40.71,41.29,40.46,40.66,2528900.0
2026-08-19,40.93,42.59,40.88,42.0,3702100.0
2026-08-20,41.48,42.29,41.01,42.12,2623200.0
2026-08-21,42.1,42.52,41.73,42.45,1714400.0
2026-08-24,42.69,43.41,42.34,42.49,2029100.0
2026-08-25,42.15,42.2,41.31,41.53,2102200.0
2026-08-26,41.69,41.96,41.4,41.61,2338500.0
2026-08-27,41.02,41.63,40.81,41.18,2386500.0
2026-08-28,41.41,41.95,41.16,41.46,2005000.0
2026-08-31,41.28,41.28,39.59,39.76,4788200.0
2026-09-01,39.78,40.13,39.57,39.76,2388900.0
2026-09-02,40.02,41.18,39.81,40.54,2748200.0
2026-09-03,40.91,40.95,40.3,40.57,2737400.0
2026-09-04,40.34,41.04,40.32,40.5,1989400.0
2026-09-08,40.25,41.27,38.62,38.84,4949400.0
2026-09-09,38.62,39.19,38.45,38.48,2938600.0
2026-09-10,38.63,38.83,37.76,38.44,3067900.0
2026-09-11,38.98,39.02,38.31,38.93,2597600.0
2026-09-14,39.47,39.73,38.73,39.08,3686000.0
2026-09-15,38.7,39.73,38.6,39.27,3441100.0
2026-09-16,39.25,39.43,38.93,39.11,3348900.0
2026-09-17,39.28,39.64,39.0,39.08,3284600.0
2026-09-18,38.75,38.85,37.31,37.53,49898300.0
2026-09-21,37.5,38.12,37.2,37.56,4273900.0
2026-09-23,36.88,37.0,36.14,36.62,3310100.0
